$ANSIBLE_VAULT;1.1;AES256
34306238323563363337353131363632396239333938386666373532373065643739323765666664
3134363939346633363631306362316338323438613330650a616264616161323433623666353137
62623938636433616133616630363334666266366438613466373761373861633431313539656139
6166623765626161630a646362323432363661373164333731376136316164373530313233343138
35633334663630383161656164366265626266313931333862376639666237636630303731303562
66656665366534323931646364303066383734643536393231343338613630303339356236616364
36323132326133313561306539653736356163376236346161616633623663343136663561623639
36303265666439303962343738643362303039623534653264636662633333386463383236343433
61323635343131663236613333326266636335333665636135356137643834396638623333626238
32333332316539616638633931353037356439643864666235396161336461386139306639663862
66613238613735663262323362666230616465333761326534323335666533366365383738383034
66363634316633323662373734356162393236393363306530323538643762306235663238336465
39353462356135623139623438333664333336383130613338656666346139616137346130626138
63653836663966366437383838613238306130316665313434666336616561666236333165396165
643034373132653361306461373034636130
